f Meshes/nav_test.obj
c 22.068533 -2.369875 -1.359264  30.193567 -2.229336 -2.909891  0.600000 1 5 8
c 31.101568 -2.154032 -3.494667  29.531239 -0.031818 -14.384642  0.600000 1 5 8
c 28.678820 -0.106560 -14.680775  20.154755 -2.369793 -15.902761  0.600000 1 5 8
v 4 1 -3.370270 2.629730
-9.899965 -2.364983 22.281494
3.236907 -2.364647 20.182957
3.917334 -2.370270 27.203247
-9.195143 -2.370075 28.609903
v 4 4 6.930313 12.930313
-17.772476 7.930321 2.054489
-7.141102 7.930317 0.810299
-6.496933 7.930321 5.979988
-16.942959 7.930313 7.319710
